       7969112.0   1.1806882e-11
       7938224.0   1.1841043e-11
       7907336.0   1.1875367e-11
       7876448.0   1.1909872e-11
       7845560.0   1.1944534e-11
       7814672.0   1.1979389e-11
       7783784.0   1.2014394e-11
       7752896.0   1.2144035e-11
       7722007.5   1.2316016e-11
       7691119.5   1.2349744e-11
       7660231.5   1.2383705e-11
       7629343.5   1.2417900e-11
       7598455.5   1.2452332e-11
       7567567.5   1.2487003e-11
       7536679.5   1.2521917e-11
       7505791.5   1.2557077e-11
       7474903.5   1.2592483e-11
       7444015.5   1.2628140e-11
       7413127.5   1.2664051e-11
       7382239.5   1.2700218e-11
       7351351.5   1.2736644e-11
       7320463.5   1.2773334e-11
       7289575.5   1.2810288e-11
       7258687.5   1.2847509e-11
       7227799.0   1.2885004e-11
       7196911.0   1.2922773e-11
       7166023.0   1.2960820e-11
       7135135.0   1.2999147e-11
       7104247.0   1.3037760e-11
       7073359.0   1.3076659e-11
       7042471.0   1.3115851e-11
       7011583.0   1.3155337e-11
       6980695.0   1.3195123e-11
       6949807.0   1.3235210e-11
       6918919.0   1.3275602e-11
       6888031.0   1.3316305e-11
       6857143.0   1.3357321e-11
       6826255.0   1.3398654e-11
       6795367.0   1.3440308e-11
       6764479.0   1.3482288e-11
       6733590.5   1.3524597e-11
       6702702.5   1.3567239e-11
       6671814.5   1.3610219e-11
       6640926.5   1.3653544e-11
       6610038.5   1.3697216e-11
       6579150.5   1.3741239e-11
       6548262.5   1.3785617e-11
       6517374.5   1.3830356e-11
       6486486.5   1.3875459e-11
       6455598.5   1.3920931e-11
       6424710.5   1.3966779e-11
       6393822.5   1.4013005e-11
       6362934.5   1.4059616e-11
       6332046.5   1.4106616e-11
       6301158.5   1.4154011e-11
       6270270.5   1.4201807e-11
       6239382.0   1.4250007e-11
       6208494.0   1.4298619e-11
       6177606.0   1.4347647e-11
       6146718.0   1.4397098e-11
       6115830.0   1.4446977e-11
       6084942.0   1.4497290e-11
       6054054.0   1.4548045e-11
       6023166.0   1.4599245e-11
       5992278.0   1.4650897e-11
       5961390.0   1.4703009e-11
       5930502.0   1.4755587e-11
       5899614.0   1.4808638e-11
       5868726.0   1.4862168e-11
       5837838.0   1.4916185e-11
       5806950.0   1.4970694e-11
       5776062.0   1.5025705e-11
       5745173.5   1.5081225e-11
       5714285.5   1.5137259e-11
       5683397.5   1.5193817e-11
       5652509.5   1.5250906e-11
       5621621.5   1.5308535e-11
       5590733.5   1.5366710e-11
       5559845.5   1.5425442e-11
       5528957.5   1.5484738e-11
       5498069.5   1.5544607e-11
       5467181.5   1.5605059e-11
       5436293.5   1.5666101e-11
       5405405.5   1.5727744e-11
       5374517.5   1.5789997e-11
       5343629.5   1.5852869e-11
       5312741.5   1.5916371e-11
       5281853.5   1.5980513e-11
       5250965.5   1.6045306e-11
       5220077.0   1.6110760e-11
       5189189.0   1.6176884e-11
       5158301.0   1.6243691e-11
       5127413.0   1.6311193e-11
       5096525.0   1.6379400e-11
       5065637.0   1.6448324e-11
       5034749.0   1.6517979e-11
       5003861.0   1.6588376e-11
       4972973.0   1.6659527e-11
       4942085.0   1.6731446e-11
       4911197.0   1.6804146e-11
       4880309.0   1.6877642e-11
       4849421.0   1.6951946e-11
       4818533.0   1.7027074e-11
       4787645.0   1.7103039e-11
       4756757.0   1.7179858e-11
       4725868.5   1.7257547e-11
       4694980.5   1.7336119e-11
       4664092.5   1.7415591e-11
       4633204.5   1.7495981e-11
       4602316.5   1.7577304e-11
       4571428.5   1.7659580e-11
       4540540.5   1.7742825e-11
       4509652.5   1.7827058e-11
       4478764.5   1.7912298e-11
       4447876.5   1.7998565e-11
       4416988.5   1.8085878e-11
       4386100.5   1.8174257e-11
       4355212.5   1.8263725e-11
       4324324.5   1.8354302e-11
       4293436.5   1.8446011e-11
       4262548.5   1.8538874e-11
       4231660.0   1.8632916e-11
       4200772.0   1.8728159e-11
       4169884.2   1.8824628e-11
       4138996.0   1.8922351e-11
       4108108.0   1.9021352e-11
       4077220.0   1.9121657e-11
       4046332.0   1.9223296e-11
       4015444.0   1.9326298e-11
       3984556.0   1.9430698e-11
       3953668.0   1.9536528e-11
       3922780.0   1.9643814e-11
       3891892.0   1.9752586e-11
       3861004.0   1.9862875e-11
       3830115.8   1.9974720e-11
       3799227.8   2.0088154e-11
       3768339.8   2.0203215e-11
       3737451.8   2.0319939e-11
       3706563.8   2.0438364e-11
       3675675.8   2.0558536e-11
       3644787.5   2.0680493e-11
       3613899.5   2.0804281e-11
       3583011.5   2.0929945e-11
       3552123.5   2.1057535e-11
       3521235.5   2.1187099e-11
       3490347.5   2.1318693e-11
       3459459.5   2.1452374e-11
       3428571.5   2.1588201e-11
       3397683.5   2.1726245e-11
       3366795.5   2.1866579e-11
       3335907.2   2.2009286e-11
       3305019.2   2.2154460e-11
       3274131.2   2.2302212e-11
       3243243.2   2.2452673e-11
       3212355.2   2.2606002e-11
       3181467.2   2.2762397e-11
       3150579.2   2.2922104e-11
       3119691.0   2.3085445e-11
       3088803.0   2.3252834e-11
       3057915.0   2.3424820e-11
       3027027.0   2.3602133e-11
       2996139.0   2.3785757e-11
       2965251.0   2.3977024e-11
       2934363.0   2.4177741e-11
       2903475.0   2.4390384e-11
       2872587.0   2.4618337e-11
       2841698.8   2.4866257e-11
       2810810.8   2.5140544e-11
       2779922.8   2.5450024e-11
       2749034.8   2.5806865e-11
       2718146.8   2.6227870e-11
       2687258.8   2.6736244e-11
       2656370.8   2.7364057e-11
       2625482.5   2.8155640e-11
       2594594.5   2.9172262e-11
       2563706.5   3.0498725e-11
       2532818.5   3.2252214e-11
       2501930.5   3.4594820e-11
       2471042.5   3.7751166e-11
       2440154.5   4.2031120e-11
       2409266.5   4.7863633e-11
       2378378.5   5.5845115e-11
       2347490.2   7.5087734e-11
       2316602.2   1.0525446e-10
       2285714.2   1.5250755e-10
       2254826.2   2.4350674e-10
       2223938.2   3.5640943e-10
       2193050.2   5.1223290e-10
       2162162.2   7.1867129e-10
       2131274.0   1.0354604e-09
       2100386.0   1.3576713e-09
       2069498.1   1.6930959e-09
       2038610.0   2.0064150e-09
       2007722.0   2.2592184e-09
       1976834.0   2.5175941e-09
       1945945.9   2.7932225e-09
       1915057.9   3.0807208e-09
       1884169.9   3.4101355e-09
       1853281.9   3.7557551e-09
       1822393.8   4.1673206e-09
       1791505.8   4.5926090e-09
       1760617.8   5.0831268e-09
       1729729.8   5.5898458e-09
       1698841.8   6.1880933e-09
       1667953.8   6.8040966e-09
       1637065.6   7.5422131e-09
       1606177.6   8.2969894e-09
       1575289.6   9.1960689e-09
       1544401.5   1.0111505e-08
       1513513.5   1.1214779e-08
       1482625.5   1.2332293e-08
       1451737.5   1.3686964e-08
       1420849.4   1.5052038e-08
       1389961.4   1.6719811e-08
       1359073.4   1.8391333e-08
       1328185.2   2.0443236e-08
       1297297.2   2.2495133e-08
       1266409.2   2.5031434e-08
       1235521.2   2.7574449e-08
       1204633.2   3.0710347e-08
       1173745.2   3.3869093e-08
       1142857.1   3.7793056e-08
       1111969.1   4.1766318e-08
       1081081.1   4.6676093e-08
       1050193.1   5.1671728e-08
       1019305.0   5.7903178e-08
       988417.00   6.4283336e-08
       957528.94   7.2493984e-08
       926640.94   8.0980214e-08
       895752.88   9.1578690e-08
       864864.88   1.0256251e-07
       833976.81   1.1727353e-07
       803088.81   1.3279016e-07
       772200.75   1.5328620e-07
       741312.75   1.7503618e-07
       710424.69   2.0541659e-07
       679536.69   2.3829692e-07
       648648.62   2.8459215e-07
       617760.62   3.3531242e-07
       586872.56   3.9967975e-07
       555984.56   4.6913255e-07
       525096.50   5.4965316e-07
       494208.50   6.3480306e-07
       463320.47   7.3104652e-07
       432432.44   8.3247118e-07
       401544.41   9.4644513e-07
       370656.38   1.0669357e-06
       339768.34   1.2013295e-06
       308880.31   1.3437231e-06
       277992.28   1.5014480e-06
       247104.25   1.6689204e-06
       216216.22   1.8363927e-06
       185328.19   2.0038650e-06
       154440.16   2.1713373e-06
       123552.12   2.3388097e-06
       92664.094   2.5062820e-06
